# Dataset: Wind tunnel HEPA + prefilter test

# Columns:
# time      — elapsed time since test start [s]
# dp1       — differential pressure across HEPA filter [Pa]
# dp2       — differential pressure across prefilter [Pa]
# velocity  — face velocity at the filters [m/s]

time,dp1,dp2,velocity
3,67.0,29.0,0.740
5,67.1,29.0,0.730
6,66.9,29.1,0.750
8,66.8,29.1,0.736
10,67.1,29.3,0.726
12,67.3,29.4,0.719
14,67.9,29.3,0.720
16,67.9,29.5,0.716
18,67.8,29.6,0.742
20,67.6,29.5,0.724
22,67.5,29.4,0.719
24,67.7,29.6,0.737
26,67.7,29.7,0.728
29,68.0,29.7,0.742
31,67.9,30.0,0.735
32,67.7,29.8,0.743
34,67.3,29.5,0.731
36,67.5,29.7,0.731
38,67.8,29.5,0.725
40,67.5,29.7,0.735
42,68.3,30.3,0.752
44,68.3,30.2,0.754
46,68.1,30.1,0.747
49,68.4,30.3,0.770
51,67.9,29.9,0.740
53,68.0,29.8,0.740
54,67.4,29.5,0.747
56,67.2,29.8,0.725
58,67.7,30.0,0.709
60,67.7,29.8,0.699
62,67.5,30.0,0.718
64,67.8,30.0,0.723
66,67.8,30.2,0.745
68,67.5,29.8,0.699
70,67.8,30.1,0.710
72,68.1,30.1,0.734
74,67.8,30.0,0.706
76,67.9,30.2,0.703
78,68.1,30.2,0.729
80,68.1,30.3,0.730
82,67.9,30.2,0.704
84,68.3,30.4,0.730
86,68.3,30.4,0.736
89,68.5,30.3,0.735
91,68.3,30.6,0.719
93,68.5,30.7,0.727
95,68.6,30.8,0.728
96,68.5,30.5,0.716
98,68.6,30.7,0.717
100,68.7,31.0,0.727
102,68.9,30.9,0.734
104,68.7,30.8,0.718
106,68.8,30.7,0.722
108,68.5,30.6,0.698
110,68.9,30.8,0.702
112,69.0,30.7,0.728
114,68.8,30.7,0.705
116,68.9,30.6,0.711
118,68.9,30.6,0.705
120,69.0,31.0,0.719
122,68.9,30.7,0.695
124,69.0,31.0,0.711
126,69.0,30.9,0.704
128,69.1,31.0,0.711
130,69.5,31.3,0.741
132,69.4,31.0,0.730
134,69.4,31.1,0.729
136,69.4,31.1,0.712
138,69.5,31.2,0.726
140,69.4,31.0,0.721
142,69.3,31.4,0.703
144,69.5,31.1,0.715
146,69.7,31.6,0.722
148,69.8,31.2,0.713
150,69.8,31.6,0.716
152,69.8,31.5,0.717
154,69.7,31.2,0.707
156,69.6,31.4,0.707
158,69.8,31.7,0.729
160,69.8,31.5,0.717
162,69.8,31.4,0.712
164,70.1,31.5,0.738
166,69.6,31.1,0.701
168,70.0,31.7,0.722
170,69.8,31.5,0.708
172,70.3,31.8,0.734
174,69.9,31.9,0.703
176,70.1,31.5,0.714
178,70.1,31.6,0.708
180,70.0,31.5,0.704
182,70.2,31.7,0.709
184,70.0,31.6,0.713
186,69.8,31.4,0.689
188,69.8,31.3,0.677
190,70.0,31.9,0.701
192,70.0,31.5,0.698
194,70.1,31.7,0.704
196,70.4,32.0,0.734
198,70.2,31.8,0.707
200,70.2,31.9,0.704
202,70.1,31.7,0.700
204,70.2,31.9,0.698
206,70.3,32.0,0.704
208,70.7,32.1,0.744
210,70.2,32.0,0.700
212,70.3,32.0,0.710
214,70.2,31.6,0.699
216,70.3,31.8,0.707
218,70.3,31.7,0.694
220,70.4,32.1,0.711
222,70.4,32.0,0.704
224,70.6,32.1,0.709
226,70.4,31.9,0.698
228,70.6,32.1,0.706
230,70.7,31.9,0.719
232,70.9,32.3,0.721
234,70.5,32.0,0.686
236,70.9,32.0,0.722
238,70.7,31.9,0.706
240,70.7,32.0,0.697
242,70.7,32.0,0.688
244,70.8,32.1,0.693
246,71.0,32.3,0.708
248,71.0,32.4,0.722
251,70.9,32.1,0.699
253,70.9,32.0,0.685
255,70.9,32.3,0.681
256,71.3,32.5,0.715
258,71.2,32.5,0.701
260,71.1,32.2,0.718
263,71.0,31.9,0.684
265,71.5,32.7,0.718
267,71.3,32.2,0.706
269,71.2,32.1,0.684
271,71.3,32.7,0.710
273,70.8,32.0,0.690
275,71.0,32.1,0.686
277,71.1,32.1,0.698
278,71.1,32.4,0.693
280,71.1,32.4,0.690
282,71.6,32.8,0.734
285,71.2,32.0,0.696
287,71.5,32.5,0.702
288,71.4,32.3,0.702
290,71.4,32.4,0.689
292,71.6,32.3,0.703
294,71.7,32.7,0.693
296,72.1,32.7,0.723
298,71.9,32.7,0.712
301,72.1,32.5,0.704
303,72.0,32.8,0.700
305,72.1,32.8,0.705
306,72.0,32.6,0.685
308,72.2,32.9,0.703
310,72.1,32.8,0.698
312,72.3,33.1,0.693
314,72.4,32.7,0.699
317,72.5,32.9,0.708
319,72.6,33.1,0.708
321,72.3,32.6,0.696
323,72.4,33.0,0.705
324,72.4,32.7,0.694
326,72.6,33.1,0.720
328,72.4,32.9,0.696
330,72.4,32.9,0.693
333,72.4,32.9,0.695
335,72.7,33.2,0.709
336,72.6,33.3,0.710
338,72.5,33.4,0.705
340,72.5,33.1,0.694
342,72.5,33.0,0.690
344,72.8,33.1,0.708
346,72.7,32.9,0.693
348,72.7,32.9,0.710
350,72.5,32.9,0.697
352,72.6,32.8,0.684
354,72.6,33.3,0.686
356,73.0,33.3,0.707
358,72.7,33.1,0.682
360,73.1,33.4,0.708
362,72.7,33.0,0.669
364,73.0,32.9,0.692
366,72.9,33.2,0.697
368,73.0,33.4,0.698
370,73.1,33.3,0.704
372,72.9,33.1,0.687
374,73.0,33.1,0.690
376,73.2,33.4,0.699
378,73.0,32.8,0.674
380,73.3,33.5,0.709
382,73.1,33.2,0.698
384,73.3,33.4,0.708
386,73.2,33.2,0.695
388,73.1,33.3,0.692
390,73.2,33.1,0.693
392,73.3,33.1,0.699
394,73.5,33.6,0.702
396,73.5,33.1,0.715
398,73.2,33.1,0.690
400,73.1,33.3,0.698
402,73.2,33.3,0.687
404,73.1,33.2,0.686
406,73.4,33.3,0.713
408,73.0,33.1,0.679
410,73.3,33.3,0.694
412,73.0,32.8,0.678
414,73.0,33.0,0.683
416,73.0,33.2,0.675
418,72.9,32.9,0.679
420,73.3,33.2,0.684
422,73.0,33.1,0.681
424,73.2,33.3,0.698
426,72.9,33.1,0.684
429,72.7,33.0,0.676
431,72.8,33.1,0.692
432,73.0,32.9,0.681
434,73.2,33.6,0.703
436,73.0,33.1,0.666
438,73.1,33.3,0.680
441,73.1,33.1,0.683
443,72.8,33.2,0.681
445,72.6,32.7,0.666
447,72.9,33.0,0.672
449,73.4,32.9,0.688
451,73.0,33.2,0.665
452,73.1,33.2,0.697
454,73.3,33.4,0.686
456,73.2,33.4,0.682
458,73.5,33.4,0.697
461,73.6,33.7,0.692
463,74.2,33.9,0.704
465,74.2,33.7,0.695
467,74.0,33.6,0.685
469,74.1,33.8,0.684
470,74.0,33.6,0.658
472,73.5,33.2,0.658
474,73.5,33.4,0.677
477,73.6,33.4,0.674
478,74.0,33.8,0.671
480,74.5,34.0,0.677
482,74.5,33.6,0.672
484,74.3,33.9,0.674
486,74.6,33.9,0.691
488,74.5,33.8,0.685
490,74.3,34.0,0.683
492,74.5,34.0,0.700
494,74.1,33.8,0.672
496,74.2,33.7,0.680
498,74.2,33.7,0.674
500,74.1,33.5,0.665
502,74.3,33.7,0.686
504,74.1,33.7,0.678
506,73.9,33.3,0.669
508,73.9,33.6,0.669
510,74.2,33.8,0.675
512,74.6,34.2,0.703
514,74.6,33.9,0.688
516,74.2,33.6,0.668
518,74.4,33.8,0.690
520,74.4,33.8,0.678
522,74.6,33.9,0.680
524,74.6,33.9,0.690
526,74.2,33.8,0.660
528,74.3,33.7,0.684
530,74.0,33.7,0.673
532,74.3,33.6,0.672
534,74.4,33.9,0.694
536,74.3,34.0,0.672
539,75.2,34.1,0.686
541,75.2,34.5,0.716
543,74.7,33.7,0.667
544,75.1,34.3,0.678
547,75.3,34.4,0.686
549,75.2,34.3,0.679
551,75.3,34.4,0.698
553,75.1,33.9,0.653
555,75.2,34.0,0.666
557,75.1,34.0,0.665
559,75.1,34.0,0.696
561,74.9,33.9,0.683
562,74.6,33.7,0.671
564,74.9,33.8,0.681
566,74.9,33.9,0.679
568,74.6,33.7,0.668
570,74.7,33.5,0.667
572,74.7,33.7,0.671
574,74.8,33.4,0.657
576,75.0,33.6,0.660
578,75.8,34.2,0.698
580,75.5,34.4,0.663
582,75.8,34.5,0.664
584,75.9,34.3,0.672
586,75.8,34.3,0.677
588,75.5,34.2,0.667
590,75.9,34.4,0.661
592,75.8,34.3,0.671
594,76.1,34.4,0.685
596,75.8,34.0,0.668
598,75.0,34.1,0.653
600,75.5,34.1,0.673
602,75.8,34.4,0.660
604,76.2,34.5,0.676
607,76.1,34.8,0.670
608,76.2,34.5,0.668
610,76.5,34.6,0.684
612,76.2,34.5,0.674
615,76.3,34.5,0.664
617,76.3,34.4,0.666
619,76.4,34.3,0.669
621,76.8,34.8,0.687
623,76.4,34.5,0.681
625,76.2,34.7,0.683
627,76.4,34.5,0.682
629,76.5,34.9,0.698
631,76.2,34.3,0.646
633,76.6,34.8,0.692
634,76.3,34.6,0.669
637,76.3,34.5,0.682
639,76.1,34.1,0.657
641,76.2,34.0,0.670
642,76.4,34.1,0.662
644,76.4,34.6,0.676
646,76.5,34.6,0.670
648,76.7,34.7,0.673
650,76.7,34.4,0.674
652,76.8,34.8,0.661
654,76.7,34.6,0.681
656,76.7,34.6,0.678
658,76.6,34.4,0.663
660,77.1,34.9,0.701
662,77.1,34.8,0.695
664,76.8,34.6,0.667
666,77.1,34.4,0.666
668,76.8,34.8,0.660
670,76.9,34.6,0.673
672,77.1,34.7,0.664
674,77.0,34.7,0.658
676,77.1,34.9,0.659
678,77.1,35.0,0.668
680,77.1,34.9,0.662
682,77.3,34.6,0.666
684,77.5,35.1,0.678
687,77.4,35.0,0.674
688,77.4,34.9,0.668
690,77.4,34.8,0.668
693,77.4,35.1,0.666
695,77.6,35.2,0.690
697,77.3,34.7,0.674
699,77.6,35.2,0.681
701,77.5,34.6,0.660
703,77.4,34.8,0.669
705,77.3,34.9,0.656
706,77.5,35.0,0.658
708,77.8,35.1,0.694
710,77.7,35.1,0.679
712,77.6,34.9,0.665
714,77.7,34.9,0.680
716,77.7,34.7,0.674
718,77.7,34.9,0.667
720,77.7,34.9,0.665
722,77.9,34.9,0.670
724,78.2,35.0,0.672
726,77.9,34.8,0.656
728,78.1,35.2,0.682
730,78.2,35.5,0.686
732,78.2,35.1,0.681
734,78.2,35.2,0.667
736,78.2,35.4,0.675
738,78.1,35.1,0.658
740,78.4,35.2,0.674
742,78.3,35.0,0.666
744,78.5,35.4,0.677
746,78.5,35.3,0.676
748,78.5,35.2,0.668
750,78.3,35.1,0.657
752,78.4,35.3,0.651
754,78.6,35.2,0.672
756,78.8,35.5,0.695
758,78.5,35.1,0.660
760,78.6,35.0,0.662
762,78.6,35.4,0.658
764,78.5,35.1,0.653
767,78.6,34.9,0.661
768,78.7,35.2,0.674
770,78.7,35.1,0.663
772,78.9,35.3,0.670
775,78.7,34.9,0.657
777,79.0,35.2,0.677
778,78.8,35.1,0.660
781,78.9,35.5,0.660
783,78.9,34.9,0.667
784,78.8,35.0,0.665
786,78.9,35.2,0.672
788,78.9,35.1,0.664
790,79.2,35.5,0.686
792,79.2,35.4,0.686
794,79.0,35.4,0.672
796,78.8,35.4,0.658
798,79.1,35.6,0.667
800,79.2,35.6,0.681
802,79.4,35.9,0.695
804,79.7,35.7,0.710
806,79.4,35.7,0.692
808,79.4,35.7,0.690
810,79.2,35.4,0.669
813,79.5,35.5,0.676
815,79.4,35.7,0.682
817,79.3,35.6,0.664
819,78.9,35.3,0.653
821,79.1,35.5,0.675
823,79.1,35.6,0.676
824,78.9,35.1,0.659
826,79.1,35.5,0.661
829,79.4,35.6,0.658
831,79.5,35.5,0.667
833,79.5,35.3,0.678
835,79.1,35.6,0.687
837,79.5,35.5,0.666
839,79.9,35.7,0.677
841,79.7,35.5,0.649
842,79.9,35.3,0.666
845,79.7,35.5,0.674
847,79.7,35.3,0.668
849,79.6,35.3,0.651
851,79.7,35.4,0.648
853,80.0,35.6,0.667
854,80.2,35.7,0.681
856,80.1,35.6,0.669
858,80.1,35.7,0.680
861,80.2,35.9,0.680
863,79.9,35.4,0.654
865,79.9,35.4,0.667
867,80.1,35.5,0.664
869,80.0,35.5,0.660
870,80.1,35.7,0.670
872,79.9,35.4,0.650
874,80.1,35.4,0.658
877,80.2,35.0,0.665
878,80.1,35.6,0.664
880,80.2,35.5,0.656
882,80.2,35.1,0.649
884,80.2,35.5,0.661
886,80.3,35.5,0.659
888,80.5,35.8,0.671
890,80.5,35.8,0.678
892,80.4,35.6,0.664
894,80.4,35.8,0.650
896,80.5,35.9,0.675
898,80.3,35.3,0.652
900,80.5,35.6,0.653
902,80.5,35.9,0.654
904,80.5,36.0,0.661
906,80.6,35.7,0.666
908,80.5,35.9,0.666
910,80.7,35.9,0.660
912,80.6,35.7,0.653
914,81.0,36.0,0.686
916,81.1,36.1,0.691
918,80.9,35.9,0.661
920,81.0,35.9,0.669
922,80.9,35.8,0.657
925,80.7,35.5,0.644
927,80.8,35.6,0.651
929,80.9,36.0,0.657
931,81.3,36.2,0.699
933,80.8,35.6,0.666
935,80.9,35.9,0.655
937,80.9,35.9,0.669
939,80.5,35.4,0.638
941,81.0,35.8,0.669
943,80.9,35.7,0.662
945,80.9,35.6,0.658
947,80.7,35.8,0.656
949,81.0,35.8,0.657
951,80.9,35.7,0.655
953,80.9,35.5,0.648
954,80.9,35.7,0.647
957,80.8,35.4,0.622
959,81.1,36.0,0.661
961,81.3,35.8,0.664
963,81.1,35.4,0.649
965,81.4,35.8,0.665
966,81.1,35.5,0.651
968,81.2,35.7,0.657
970,81.1,35.9,0.662
973,81.2,35.7,0.665
975,81.2,35.6,0.652
977,81.3,35.8,0.672
979,81.2,35.8,0.649
981,81.5,36.0,0.683
983,81.3,35.6,0.655
985,81.3,35.9,0.657
987,81.3,35.7,0.655
989,81.5,35.7,0.652
991,81.6,36.0,0.668
992,82.1,36.4,0.693
994,81.5,36.0,0.655
996,81.5,35.8,0.647
998,81.8,36.0,0.669
1001,81.6,35.8,0.655
1003,81.6,35.9,0.651
1005,81.9,36.3,0.675
1007,81.7,35.8,0.637
1008,82.1,36.2,0.682
1010,81.8,36.2,0.662
1012,81.8,36.1,0.642
1015,81.9,36.1,0.655
1017,81.8,36.3,0.657
1019,81.8,36.1,0.658
1021,81.9,36.1,0.650
1023,81.9,36.2,0.656
1024,82.0,36.1,0.654
1026,82.0,36.2,0.672
1028,82.0,36.1,0.663
1031,82.0,36.4,0.663
1033,82.2,36.1,0.675
1035,82.1,36.2,0.666
1037,82.2,36.2,0.669
1039,81.9,35.8,0.639
1040,82.0,35.9,0.651
1042,82.0,36.0,0.648
1044,82.3,36.5,0.682
1046,82.1,36.1,0.652
1049,82.2,36.2,0.664
1051,82.2,36.2,0.649
1053,82.2,36.0,0.647
1055,82.4,36.1,0.663
1056,82.3,35.9,0.645
1058,82.2,35.8,0.630
1060,82.5,36.2,0.651
1062,82.5,36.1,0.659
1064,82.6,36.4,0.667
1066,82.6,36.3,0.648
1069,82.6,36.3,0.654
1071,82.5,36.3,0.652
1072,82.6,36.4,0.656
1074,82.5,36.4,0.648
1076,82.5,36.3,0.648
1078,82.7,36.3,0.651
1080,82.9,36.2,0.666
1082,82.6,36.2,0.656
1084,82.8,36.3,0.658
1086,82.6,36.3,0.648
1088,83.0,36.3,0.667
1090,82.9,36.6,0.673
1092,82.6,36.1,0.644
1094,82.9,36.4,0.658
1096,83.0,36.4,0.666
1098,83.1,36.6,0.680
1100,83.0,36.5,0.670
1102,83.0,36.5,0.659
1104,82.7,36.0,0.643
1106,83.0,36.1,0.649
1108,82.9,36.4,0.642
1110,82.9,36.1,0.634
1112,83.2,36.3,0.643
1114,83.2,35.9,0.639
1116,83.4,36.3,0.665
1118,83.6,36.4,0.671
1120,83.6,36.5,0.669
1122,83.4,36.2,0.653
1124,83.5,36.0,0.641
1126,84.0,36.3,0.675
1128,83.7,36.3,0.642
1130,83.6,36.0,0.630
1132,83.7,36.1,0.644
1134,83.9,36.2,0.653
1136,84.1,36.3,0.663
1138,84.1,36.2,0.662
1140,84.0,36.4,0.652
1142,84.2,36.3,0.658
1144,84.3,36.3,0.652
1146,84.4,36.5,0.670
1148,84.0,36.3,0.634
1150,84.4,36.4,0.665
1152,84.1,36.2,0.642
1154,84.3,36.3,0.655
1156,84.2,36.2,0.637
1158,84.7,36.6,0.686
1160,84.2,36.2,0.631
1162,84.5,36.3,0.646
1164,84.6,36.6,0.655
1166,84.4,36.3,0.644
1168,84.4,36.2,0.635
1170,84.4,36.3,0.642
1172,84.5,36.5,0.648
1174,84.7,36.5,0.657
1176,84.5,36.4,0.646
1178,84.5,36.3,0.633
1180,84.8,36.7,0.663
1182,84.7,36.4,0.647
1184,84.8,36.4,0.652
1186,84.8,36.1,0.634
1188,85.0,36.6,0.661
1190,84.9,36.7,0.647
1192,85.0,36.5,0.652
1194,85.1,36.3,0.654
1196,85.5,36.8,0.689
1198,85.3,36.6,0.668
1200,85.0,36.4,0.644
1202,85.4,36.3,0.656
1204,85.2,36.7,0.649
1206,85.2,36.3,0.638
1208,85.6,36.7,0.677
1210,85.5,36.4,0.650
1212,85.7,36.8,0.672
1214,85.7,36.9,0.666
1216,85.5,36.5,0.638
1218,85.5,36.5,0.646
1220,85.9,36.8,0.665
1222,85.6,36.5,0.641
1224,85.7,36.5,0.644
1226,85.8,36.7,0.652
1228,86.0,36.8,0.649
1230,85.9,36.6,0.644
1232,85.7,36.6,0.637
1234,85.9,36.5,0.652
1236,85.8,36.6,0.645
1238,85.8,36.6,0.642
1240,86.1,36.7,0.656
1242,85.8,36.5,0.625
1244,86.0,36.7,0.647
1247,85.9,36.4,0.631
1248,86.2,36.7,0.650
1250,86.0,36.8,0.644
1252,86.2,36.9,0.652
1254,86.5,36.9,0.664
1256,86.2,36.8,0.646
1259,86.5,36.9,0.659
1261,86.5,36.9,0.664
1263,86.4,36.9,0.649
1264,86.5,36.8,0.662
1266,86.3,36.6,0.634
1269,86.2,36.5,0.631
1271,86.3,36.8,0.633
1273,86.3,36.9,0.625
1275,86.9,37.1,0.677
1277,86.5,36.6,0.639
1279,86.4,36.4,0.629
1281,86.5,37.1,0.648
1283,86.7,36.7,0.638
1285,87.0,37.0,0.656
1286,87.0,36.9,0.640
1288,86.8,36.7,0.626
1290,87.3,37.2,0.667
1293,86.8,37.1,0.653
1294,87.1,37.0,0.648
1296,87.0,36.8,0.644
1298,87.1,36.9,0.644
1300,87.2,37.0,0.659
1302,87.5,37.0,0.668
1304,87.2,37.0,0.650
1306,87.1,36.8,0.635
1308,87.2,36.4,0.621
1310,87.6,37.1,0.654
1312,87.5,37.1,0.648
1314,87.3,37.0,0.650
1316,87.4,37.0,0.646
1318,87.2,37.0,0.631
1320,87.6,36.9,0.653
1322,87.3,36.6,0.629
1324,87.5,37.1,0.654
1326,87.8,37.3,0.671
1328,87.5,36.9,0.633
1330,87.6,36.9,0.624
1332,87.9,37.3,0.667
1334,87.7,36.9,0.641
1336,88.0,37.1,0.658
1338,87.8,37.1,0.638
1340,87.7,37.1,0.640
1342,88.1,37.2,0.661
1344,87.9,37.0,0.649
1346,88.1,37.1,0.656
1348,87.8,37.0,0.639
1350,87.9,36.9,0.640
1352,88.0,37.1,0.654
1354,87.9,37.0,0.625
1357,88.0,36.9,0.628
1359,88.2,37.3,0.639
1360,88.5,37.4,0.662
1362,88.3,37.1,0.641
1365,88.4,37.2,0.645
1367,88.2,36.8,0.628
1368,88.5,37.3,0.658
1370,88.6,37.2,0.657
1373,88.4,37.0,0.625
1375,88.8,37.4,0.656
1377,88.7,37.1,0.631
1379,88.8,37.2,0.638
1380,88.9,37.2,0.646
1382,88.8,37.2,0.644
1384,89.0,37.4,0.655
1386,88.8,37.3,0.632
1389,89.2,37.3,0.661
1390,88.9,37.3,0.645
1392,88.8,37.2,0.631
1394,88.9,37.4,0.633
1396,89.0,37.1,0.629
1398,88.8,37.2,0.630
1400,88.8,37.0,0.628
1402,89.1,37.1,0.629
1404,89.2,37.3,0.645
1406,89.3,37.5,0.661
1408,89.2,37.2,0.653
1410,89.2,37.6,0.645
1412,89.2,37.0,0.627
1414,89.5,37.4,0.661
1416,89.3,37.2,0.638
1418,89.1,36.9,0.624
1420,89.4,37.2,0.641
1422,89.2,37.3,0.634
1424,89.2,37.2,0.625
1426,89.4,37.1,0.639
1428,89.4,37.5,0.648
1430,89.5,37.5,0.649
1432,89.5,37.3,0.634
1434,89.4,37.3,0.636
1436,89.5,37.2,0.632
1439,89.5,37.3,0.625
1440,89.7,37.4,0.641
1442,89.7,37.5,0.652
1444,89.6,37.3,0.635
1446,89.9,37.4,0.640
1449,89.6,37.3,0.623
1451,89.9,37.3,0.638
1453,89.7,37.4,0.631
1455,90.0,37.6,0.657
1456,89.8,37.4,0.630
1458,89.7,37.3,0.622
1461,90.2,37.4,0.645
1463,90.2,37.4,0.642
1465,90.0,37.5,0.625
1467,90.0,37.4,0.623
1469,90.3,37.7,0.638
1471,90.2,37.4,0.634
1473,90.1,37.5,0.629
1475,90.2,37.6,0.625
1476,90.1,37.5,0.623
1478,90.3,37.2,0.615
1480,90.5,37.6,0.633
1482,90.7,37.3,0.637
1484,90.6,37.5,0.645
1486,90.6,37.5,0.635
1488,90.5,37.5,0.630
1490,90.6,37.5,0.637
1492,91.0,37.9,0.666
1494,90.6,37.3,0.621
1496,90.6,37.3,0.619
1498,90.8,37.7,0.631
1500,91.0,37.6,0.639
1502,90.8,37.5,0.625
1504,91.0,37.3,0.627
1506,91.0,37.6,0.637
1508,91.1,37.6,0.630
1510,90.9,37.3,0.616
1512,90.9,37.4,0.628
1514,90.7,37.4,0.602
1516,90.9,37.5,0.622
1518,91.1,37.7,0.642
1520,90.9,37.5,0.633
1522,91.1,37.3,0.629
1524,91.1,37.7,0.626
1526,91.0,37.5,0.612
1528,91.2,37.6,0.639
1530,91.2,37.6,0.643
1532,91.5,37.5,0.642
1534,91.6,37.5,0.638
1536,91.6,37.8,0.637
1538,91.5,37.7,0.631
1540,91.5,37.4,0.619
1542,91.5,37.5,0.619
1544,91.7,37.7,0.634
1546,91.8,37.6,0.640
1549,91.7,37.6,0.617
1551,91.8,37.6,0.629
1552,91.8,37.5,0.623
1554,92.0,37.8,0.644
1556,91.6,37.7,0.622
1558,91.7,37.6,0.629
1561,91.6,37.5,0.609
1563,91.9,37.8,0.617
1565,91.7,37.6,0.599
1567,92.1,37.7,0.628
1569,91.8,37.6,0.624
1571,91.8,37.4,0.603
1572,92.0,37.6,0.614
1574,92.3,37.8,0.638
1576,92.2,37.8,0.626
1578,92.3,37.6,0.636
1580,92.3,37.8,0.633
1582,92.4,37.7,0.637
1584,92.2,37.9,0.622
1586,92.5,37.7,0.620
1588,92.4,37.7,0.627
1590,92.4,37.6,0.622
1592,92.3,37.3,0.604
1594,92.7,37.8,0.634
1596,92.6,37.7,0.621
1598,92.8,37.9,0.626
1600,92.6,37.7,0.623
1602,92.7,37.7,0.625
1604,92.6,37.6,0.613
1606,92.8,37.9,0.636
1608,92.6,37.7,0.606
1610,93.1,38.0,0.646
1612,93.0,37.8,0.640
1614,93.1,37.8,0.640
1616,92.8,37.8,0.616
1618,92.9,37.8,0.610
1620,93.0,37.8,0.622
1622,93.0,37.8,0.624
1625,93.1,37.8,0.624
1627,93.1,37.9,0.617
1629,93.2,37.8,0.613
1631,93.2,37.8,0.616
1633,93.5,37.8,0.635
1635,93.2,38.0,0.619
1637,93.5,37.9,0.641
1638,93.3,37.9,0.632
1640,93.2,37.8,0.610
1642,93.5,37.9,0.618
1644,93.5,38.0,0.625
1646,93.4,37.9,0.610
1648,93.7,37.7,0.619
1650,93.9,37.9,0.643
1652,93.8,37.9,0.632
1654,93.5,37.8,0.609
1656,93.7,37.9,0.615
1658,93.8,37.8,0.612
1660,94.0,37.8,0.623
1662,93.9,38.0,0.611
1664,94.0,37.8,0.616
1666,94.2,38.1,0.635
1668,94.2,38.1,0.632
1670,94.0,37.9,0.618
1672,94.3,38.1,0.641
1674,94.1,37.9,0.615
1676,94.3,37.9,0.634
1678,94.2,38.1,0.630
1680,94.2,38.0,0.617
1682,94.0,37.8,0.611
1684,94.2,37.9,0.628
1686,94.2,37.8,0.602
1689,94.3,37.7,0.618
1691,94.7,37.9,0.630
1693,94.6,37.9,0.609
1695,94.5,37.7,0.599
1697,94.4,37.9,0.615
1698,94.3,37.8,0.597
1700,94.5,37.8,0.607
1702,94.8,37.8,0.625
1704,94.6,37.8,0.597
1706,95.0,38.1,0.633
1708,94.8,37.9,0.608
1710,94.8,37.8,0.596
1712,95.2,38.2,0.633
1714,94.9,37.9,0.601
1716,95.0,37.9,0.613
1718,95.3,38.1,0.625
1720,95.0,38.0,0.605
1722,95.3,38.1,0.614
1724,95.0,37.8,0.600
1726,95.2,37.9,0.609
1728,95.4,38.2,0.627
1730,95.5,38.2,0.630
1732,95.3,38.0,0.615
1734,95.4,38.2,0.620
1736,95.6,38.1,0.620
1738,95.4,37.9,0.606
1740,95.4,37.9,0.608
1742,95.5,37.9,0.611
1744,95.6,38.1,0.619
1746,95.8,38.3,0.627
1748,95.5,38.0,0.606
1750,95.5,37.9,0.615
1752,95.4,38.0,0.592
1754,95.8,38.3,0.613
1757,95.9,38.1,0.608
1759,95.9,38.2,0.609
1760,95.6,37.9,0.583
1762,96.1,38.3,0.629
1765,95.7,37.8,0.596
1767,96.2,38.2,0.629
1769,95.9,38.2,0.615
1771,96.0,38.0,0.609
1773,96.2,38.4,0.617
1775,96.0,38.4,0.610
1776,95.9,38.0,0.592
1779,96.2,38.1,0.610
1781,96.1,38.0,0.612
1783,96.2,38.1,0.616
1785,96.4,38.0,0.617
1786,96.0,38.1,0.602
1789,96.3,38.2,0.613
1791,96.0,37.8,0.582
1793,96.4,38.0,0.618
1795,96.5,38.1,0.612
1797,96.3,37.9,0.584
1799,96.6,38.1,0.613
1800,96.8,38.1,0.621
1802,96.6,38.1,0.619
1805,96.7,38.2,0.612
1807,96.6,38.0,0.603
1809,96.9,38.1,0.616
1811,96.9,38.1,0.612
1813,96.9,38.3,0.620
1815,97.2,38.2,0.624
1816,96.8,37.9,0.597
1818,97.1,38.1,0.606
1821,97.0,37.9,0.602
1823,96.9,37.8,0.599
1825,97.1,38.2,0.614
1827,97.1,38.3,0.617
1829,97.3,38.5,0.630
1831,97.3,38.3,0.622
1833,97.2,38.4,0.608
1835,97.4,38.3,0.614
1837,97.5,38.3,0.620
1839,97.4,38.1,0.613
1840,97.5,38.2,0.607
1842,97.4,38.1,0.614
1844,97.5,38.2,0.612
1846,97.8,38.3,0.629
1848,97.8,38.4,0.619
1850,97.9,38.3,0.616
1853,97.6,38.2,0.595
1855,97.9,38.4,0.609
1856,97.9,38.4,0.607
1858,97.8,38.0,0.605
1860,97.7,38.1,0.604
1862,98.0,38.2,0.611
1864,97.9,38.3,0.611
1866,98.0,38.3,0.621
1868,97.9,38.2,0.606
1870,98.1,38.0,0.608
1872,98.2,38.4,0.630
1874,98.1,38.3,0.613
1876,97.9,38.4,0.602
1878,98.0,38.3,0.601
1880,98.1,38.1,0.613
1882,98.3,38.1,0.615
1884,98.3,38.4,0.623
1886,98.1,38.2,0.605
1888,98.2,38.3,0.608
1890,98.4,38.4,0.624
1892,98.1,38.3,0.606
1894,98.6,38.4,0.633
1896,98.4,38.3,0.612
1898,98.4,38.5,0.623
1900,98.4,38.4,0.613
1902,98.2,38.0,0.593
1904,98.6,38.5,0.619
1906,98.3,38.0,0.588
1908,98.3,38.0,0.592
1910,98.4,37.8,0.592
1912,98.5,38.1,0.599
1914,98.6,38.4,0.601
1916,98.7,38.3,0.611
1918,98.7,38.4,0.610
1920,98.5,37.9,0.587
1922,98.6,38.2,0.599
1924,98.7,38.4,0.604
1926,98.5,38.2,0.586
1928,98.9,38.5,0.616
1930,98.8,38.3,0.603
1932,98.7,38.4,0.599
1934,98.8,38.2,0.596
1936,99.0,38.3,0.619
1938,98.9,38.3,0.614
1940,98.7,38.2,0.587
1942,98.9,38.3,0.607
1944,98.9,38.2,0.597
1946,99.1,38.5,0.609
1948,98.8,38.2,0.597
1950,98.8,38.0,0.592
1952,98.8,38.1,0.590
1954,99.0,38.3,0.600
1956,99.2,38.4,0.613
1958,99.2,38.4,0.620
1960,99.1,38.5,0.610
1962,99.2,38.3,0.598
1965,99.4,38.4,0.620
1967,99.5,38.3,0.612
1969,99.6,38.3,0.611
1971,99.2,38.2,0.590
1973,99.4,38.2,0.609
1975,99.4,38.1,0.591
1977,99.5,38.2,0.606
1979,99.6,38.1,0.597
1981,99.4,38.2,0.596
1983,99.7,38.3,0.615
1984,99.6,38.3,0.600
1986,99.6,38.4,0.607
1988,99.6,38.0,0.589
1990,99.7,38.4,0.602
1992,99.8,38.4,0.605
1995,99.9,38.5,0.613
1997,100.0,38.5,0.618
1999,99.8,38.3,0.587
2000,99.9,38.5,0.608
2002,99.9,38.4,0.598
2004,100.2,38.6,0.630
2006,99.9,38.6,0.603
2008,100.0,38.3,0.599
2010,100.0,38.2,0.601
2012,99.9,38.4,0.605
2014,100.0,38.4,0.598
2016,100.2,38.4,0.611
2018,100.2,38.6,0.606
2020,100.2,38.6,0.606
2022,100.2,38.4,0.611
2024,100.2,38.3,0.592
2026,100.3,38.5,0.596
2028,100.3,38.5,0.614
2030,100.3,38.4,0.606
2032,100.1,38.5,0.604
2034,100.4,38.4,0.608
2036,100.6,38.5,0.616
2038,100.3,38.5,0.603
2040,100.3,38.4,0.594
2042,100.6,38.5,0.608
2045,100.3,38.4,0.591
2047,100.7,38.5,0.608
2048,100.6,38.4,0.592
2050,100.5,38.6,0.607
2052,100.4,38.2,0.577
2054,100.9,38.6,0.611
2056,100.7,38.4,0.597
2059,100.6,38.5,0.588
2061,100.7,38.6,0.605
2063,100.9,38.6,0.602
2064,100.9,38.6,0.591
2066,101.0,38.5,0.592
2068,101.2,38.8,0.622
2070,100.9,38.5,0.605
2073,101.0,38.5,0.602
2075,101.0,38.6,0.603
2077,101.0,38.7,0.605
2079,100.9,38.6,0.580
2080,101.0,38.6,0.590
2082,101.0,38.6,0.604
2084,101.1,38.6,0.590
2087,101.3,38.4,0.607
2089,101.3,38.6,0.600
2091,101.2,38.4,0.585
2093,101.5,38.8,0.614
2095,101.4,38.7,0.602
2096,101.2,38.4,0.586
2098,101.2,38.3,0.583
2101,101.2,38.3,0.582
2103,101.6,38.6,0.615
2105,101.3,38.3,0.582
2107,101.8,38.8,0.610
2109,101.6,38.7,0.594
2111,101.6,38.8,0.593
2113,101.6,38.4,0.590
2115,101.8,38.6,0.596
2117,101.9,38.8,0.607
2119,101.7,38.6,0.581
2120,101.9,38.6,0.598
2122,102.0,38.8,0.616
2125,101.9,38.7,0.607
2127,101.9,38.7,0.607
2129,101.7,38.3,0.580
2131,101.6,38.5,0.577
2133,101.8,38.6,0.591
2134,101.9,38.3,0.577
2136,101.8,38.5,0.579
2138,102.1,38.8,0.596
2141,102.0,38.7,0.587
2143,102.2,38.7,0.602
2145,101.9,38.6,0.584
2146,102.2,38.7,0.597
2148,102.3,38.9,0.607
2150,102.4,38.9,0.613
2152,102.4,39.2,0.616
2154,102.4,38.7,0.597
2156,102.3,38.5,0.580
2158,102.5,38.9,0.606
2160,102.3,38.7,0.588
2162,102.3,38.5,0.588
2164,102.6,38.6,0.601
2166,102.5,39.0,0.617
2168,102.4,38.6,0.590
2170,102.3,38.3,0.572
2172,102.7,38.7,0.600
2174,102.4,38.7,0.580
2176,102.7,38.7,0.600
2178,102.6,38.6,0.583
2180,102.7,38.7,0.591
2182,102.4,38.6,0.579
2184,102.7,38.8,0.596
2186,102.6,38.5,0.584
2188,103.1,38.9,0.611
2190,102.8,38.7,0.597
2192,102.7,38.7,0.592
2194,102.8,38.9,0.601
2196,102.6,38.5,0.572
2198,103.0,38.8,0.602
2200,102.7,38.7,0.586

